[
  [ 5363592, 5364970, 5366372, 5368028, 5368261, 5388598 ],
  [ 5388300, 5388498, 5388573, 5388584, 5388812 ],
  [ 5369661, 5369727, 5371678, 5387967, 5388665, 5390110 ],
  [ 5367439, 5371344, 5388581, 5388710, 5388984 ],
  [ 5370303, 5386456, 5388527, 5388823, 5389032 ],
  [ 5366843, 5368329, 5385856, 5388872, 5388883, 5389287 ],
  [ 5388127, 5388599, 5388622, 5388792, 5388814 ],
  [ 5368046, 5368887, 5369036, 5370327, 5388847, 5389643 ],
  [ 5368411, 5387844, 5387872, 5388833, 5389519 ],
  [ 5367331, 5388295, 5388538, 5388593, 5388596, 5388618 ],
  [ 5367943 ]
]
